              precision    recall  f1-score   support

       apple     1.0000    1.0000    1.0000        55
         can     1.0000    1.0000    1.0000        25
         get     1.0000    1.0000    1.0000        26
        good     1.0000    0.9600    0.9796        25
        have     0.9615    1.0000    0.9804        25
        help     1.0000    1.0000    1.0000        27
         how     1.0000    1.0000    1.0000         6
           i     1.0000    1.0000    1.0000        12
         ily     1.0000    1.0000    1.0000        17
        like     1.0000    1.0000    1.0000        14
        love     1.0000    1.0000    1.0000        24
     morning     1.0000    1.0000    1.0000        11
          my     1.0000    1.0000    1.0000        25
          no     1.0000    1.0000    1.0000        16
         sad     1.0000    1.0000    1.0000         5
       sorry     1.0000    1.0000    1.0000        13
   thank you     1.0000    1.0000    1.0000         6
        want     1.0000    1.0000    1.0000        13
         you     1.0000    1.0000    1.0000        27
        your     1.0000    1.0000    1.0000        31

    accuracy                         0.9975       403
   macro avg     0.9981    0.9980    0.9980       403
weighted avg     0.9976    0.9975    0.9975       403
